1.4,0
3.3,-0.083454
5.2,-0.10245
7.1,-0.11134
8.9,-0.043844
10.7,-0.020046
12.5,-0.00022093
14.4,-0.024092
16.2,-0.083711
18,-0.083747
19.9,-0.061035
21.7,-0.048071
23.5,-0.00043987
25.3,0.047191
27.2,-0.00051352
29,0.0034229
30.9,-0.0045594
32.8,-0.084041
34.6,-0.053744
36.5,-0.044393
38.3,-0.084151
40.1,-0.084187
41.9,-0.0087505
43.8,-0.08426
45.7,-0.084298
47.6,-0.024753
49.3,-0.00095339
51.1,-0.084406
53,-0.1043
54.8,-0.084479
56.6,-0.084515
58.5,-0.099719
60.4,-0.060757
62.2,-0.0012102
64,-0.016413
65.9,0.02255
67.7,0.010597
69.5,-0.0013555
71.4,-0.08481
73.2,-0.041151
75,0.047827
76.9,-0.080947
78.7,-0.084955
80.5,-0.017463
82.3,-0.0055824
84.2,-0.081092
86.1,-0.085102
87.9,-0.0017217
89.6,-0.0017555
91.5,-0.029599
93.3,-0.11558
95.2,-0.089255
97,0.0060416
98.9,-0.0019406
100.7,-0.085393
102.6,-0.085431
104.5,-0.03383
106.2,-0.10139
108,-0.085538
109.9,-0.0021596
111.7,-0.13111
113.5,-0.034009
115.3,-0.045961
117.2,0.029473
119,0.10003
120.8,-0.0023765
122.7,-0.0024143
124.5,-0.030256
126.3,-0.042208
128.2,-0.0025238
130,-0.0025596
131.8,-0.025345
133.6,-0.16188
135.5,0.0056726
137.3,-0.063371
139.1,-0.0027408
140.9,-0.0027766
142.8,-0.0028144
144.6,-0.0256
146.4,-0.078719
148.3,-0.0029239
150,-0.0029577
151.9,-0.048495
153.7,0.028746
155.7,-0.058682
157.5,-0.003107
159.3,-0.0031428
161.2,-0.0031806
163,-0.0032165
164.9,-0.0032543
166.8,0.040402
168.6,0.048311
170.4,-0.067822
172.3,-0.0034016
174.2,-0.0034394
176,-0.0034752
177.9,0.079904
179.8,-0.0035508
181.7,-0.0035887
183.5,-0.0036245
185.4,0.020171
187.3,0.012189
189.2,-0.0037379
191.1,-0.0037758
192.9,-0.087228
194.7,-0.0038474
196.5,0.043784
198.4,-0.030463
200.2,-0.0039569
202,-0.0039927
203.8,-0.015945
205.7,-0.023927
207.4,-0.051767
209.3,-0.004138
211.1,0.01966
212.9,-0.0042097
214.7,0.079171
216.6,0.0070917
218.4,0.055264
220.2,0.079062
222,0.0075259
223.8,0.019407
225.8,0.059089
227.6,0.086859
229.4,-0.0085103
231.2,0.011315
233,0.078807
234.8,0.037063
236.6,0.023124
238.5,0.078698
240.4,-0.004757
242.2,-0.0047928
244,0.026949
245.8,-0.03267
247.6,0.078517
249.5,0.027703
251.4,-0.004976
253.2,0.0029327
255,0.074397
256.9,-0.0050854
258.7,-0.0051213
260.5,-0.0051571
262.3,-0.0051929
264.2,-0.0052307
266,0.0026779
267.8,0.074142
269.7,0.018493
271.5,0.018457
273.3,-0.0054118
275.1,-0.057086
277.1,0.077929
278.9,0.062005
280.7,-0.0015869
282.6,0.073848
284.4,0.010256
286.2,-0.0056686
288.1,-0.0057064
289.9,-0.0057423
291.8,-0.025641
293.6,-0.0058159
295.5,-0.0058537
297.4,-0.0058915
299.3,-0.0059293
301.2,0.045672
303,-0.006003
304.9,-0.059124
306.8,0.037616
308.6,0.00183
310.4,-0.010122
312.3,-0.0061881
314.2,0.017607
316,-0.0062617
317.9,-0.0062996
319.8,-0.034143
321.8,0.016373
323.7,0.0055017
325.5,0.076966
327.4,0.076928
329.2,0.013337
331.1,0.049049
333,0.076817
334.8,0.11253
336.7,-0.0066738
338.5,-0.074237
340.4,-0.0067474
342.3,-0.0067852
344.2,-0.006823
346,0.016974
347.9,0.044742
349.7,-0.0069325
351.6,0.020835
353.5,0.056548
355.4,-0.007046
357.3,-0.0032921
359.2,0.068712
361,0.07626
362.9,0.023138
364.7,-0.0072311
366.6,0.076148
368.5,0.07611
370.3,0.00060192
372.2,0.076037
374,0.076001
375.9,0.016379
377.7,-0.0074898
379.5,0.075891
381.4,0.075853
383.3,0.075816
385.1,0.07578
387,0.075742
388.9,0.075704
390.8,0.075666
392.7,-0.0077884
394.5,-0.0078242
396.4,-0.007862
398.3,-0.0078998
400.1,-0.0079357
401.9,-0.0079715
403.8,-0.0080093
405.7,-0.0080471
407.5,-0.051777
409.4,-0.0081208
411.2,0.055399
413,-0.0081924
414.9,0.075187
416.7,0.075151
418.6,0.05128
420.5,0.023436
422.4,-0.0083795
424.2,-0.0084153
426,-0.0084512
427.9,-0.008489
429.8,-0.0085268
431.6,0.13931
433.4,-0.0085984
435.2,0.029282
437.1,0.046939
439,-0.0087099
440.8,-0.0087457
442.7,-0.0087836
444.5,-0.0088194
446.4,0.050726
448.3,0.074522
450.1,0.074486
452,-0.0089687
453.8,-0.023512
455.7,0.074375
457.5,0.0060885
459.4,-0.0091159
461.2,0.038515
463.1,-0.0091896
464.9,0.046386
466.8,0.074154
468.6,0.15356
470.6,-0.0093389
472.5,-0.0093767
474.3,0.010449
476.2,0.046161
478,-0.0055139
479.9,0.024601
481.9,0.073853
483.8,0.01026
485.6,0.073779
487.5,0.073742
489.4,-0.0017686
491.5,-0.0097549
493.3,0.014043
495.1,-0.0098265
497,0.026404
498.9,0.049681
500.7,0.085396
502.6,0.073441
504.5,0.073403
506.3,0.15679
508.2,0.07333
510.1,0.073292
512,0.01367
513.8,0.012551
515.6,0.073182
517.5,-0.010272
519.3,0.085025
521.1,0.12995
523,0.10879
524.8,-0.010418
526.7,0.045156
528.6,-0.010493
530.4,-0.010529
532.3,-0.010567
534.2,0.14034
536.2,0.052911
538,0.072737
539.9,-0.05044
541.7,0.099205
543.6,0.12426
545.5,-0.01083
547.3,0.072551
549.3,0.060595
551.2,0.011807
553.1,0.072436
554.9,-0.011017
556.8,-0.03886
558.7,-0.011092
560.6,0.072287
562.4,-0.011166
564.3,0.072213
566.1,-0.01124
567.9,0.026641
569.7,0.094856
571.7,0.048232
573.6,-0.011389
575.4,0.060075
577.4,-0.1783
579.2,0.20842
581,0.071881
582.8,0.075817
584.6,0.16281
586.5,0.13623
588.3,-0.015654
590.1,0.079644
592,0.035912
593.8,0.1224
595.7,0.031866
597.5,0.099358
599.3,0.086683
601.1,0.071481
603,0.0039147
604.8,0.027712
606.7,0.043563
608.6,0.035581
610.5,-0.0081512
612.3,0.013228
614.1,0.0036938
616,0.071184
617.8,-0.071852
619.7,0.063857
621.5,0.02738
623.3,-0.012378
625.1,0.10892
627,0.0034371
629,0.07887
630.8,-0.028416
632.7,0.070852
634.5,-0.00068445
636.3,-0.04297
638.2,-0.26292
640,0.11621
641.9,-0.004804
643.8,0.062686
645.6,0.32085
647.5,-0.038247
649.3,0.11024
651.1,0.20952
653,0.19359
654.8,0.10219
656.7,0.15379
658.5,0.010755
660.4,0.0067445
662.2,0.070264
664.2,0.02653
666.1,0.10594
668,0.070149
669.8,0.070113
671.6,0.070077
673.5,-0.0054329
675.4,0.038224
677.2,-0.013451
679.1,0.17718
680.9,0.034142
682.8,-0.041368
684.6,0.047068
686.7,0.045943
688.6,0.077683
690.4,0.22065
692.2,0.069667
694.1,0.12041
695.9,0.10534
697.8,0.069556
699.7,0.13398
701.6,-0.013937
703.4,0.15286
705.2,-0.037842
707.1,0.016287
709,0.15672
710.8,0.037519
712.6,0.065289
714.4,0.061281
716.3,0.069188
718.1,0.021485
719.9,0.095658
721.8,0.1525
723.6,0.21204
725.5,0.20803
727.4,0.068967
729.2,-0.010514
731,0.14437
732.9,0.052968
734.8,0.044986
736.6,0.10453
738.5,0.11244
740.3,0.096516
742.2,0.15209
744.1,0.22355
746,-0.0029037
747.8,0.13609
749.7,0.068523
751.6,0.030568
753.4,0.068449
755.2,0.048552
757.1,0.068376
759,0.075921
760.8,0.21239
762.6,0.12785
764.4,0.092064
766.3,0.02847
768.2,0.12882
770,0.084008
771.8,0.14753
773.7,0.072017
775.6,0.091841
777.4,0.008388
779.4,0.095737
781.3,0.067894
783.2,0.09819
785,0.06782
786.9,0.051893
788.9,0.067743
790.8,0.15112
792.6,0.067669
794.5,-0.027702
796.3,-0.063488
798.2,0.067558
800.1,0.12313
801.9,0.067484
803.8,0.090196
805.7,0.13945
807.5,-0.051794
809.4,0.12421
811.3,-0.023703
813.2,-0.18299
815,0.18639
816.9,0.067185
818.8,0.15057
820.6,0.067112
822.5,0.18624
824.3,0.15046
826.1,0.10275
827.9,0.066966
829.8,0.08679
831.6,0.066893
833.4,0.066857
835.3,0.066819
837.1,0.066783
838.9,0.066747
840.8,0.06671
842.6,0.086535
844.5,0.066636
846.3,0.0666
848.2,0.089312
850,0.14994
851.9,0.098267
853.7,-0.024547
855.6,0.14983
857.5,0.086238
859.7,0.090167
861.7,0.066294
863.6,0.066256
865.4,0.06622
867.3,0.081349
869.1,0.010535
870.9,0.022416
872.9,0.066071
874.7,0.066035
876.5,-0.029334
878.6,-0.028835
880.4,-0.013704
882.3,0.0778
884.2,0.14926
886,0.06581
887.9,0.0618
889.7,0.17696
891.6,0.084657
893.4,0.073607
895.3,0.22452
897.2,-0.20741
899,-0.29086
901,-0.18474
902.8,-0.27216
904.6,-0.093449
906.6,-0.033184
908.4,-0.078719
910.2,-0.1452
912.1,-0.18496
913.9,-0.18499
915.8,-0.1612
917.6,-0.19698
919.4,-0.63629
921.3,-0.10173
923.1,-0.030262
924.9,-0.1562
926.7,-0.078
928.5,-0.018453
930.4,-0.14163
932.2,0.2357
934.1,-0.22331
935.9,-0.05435
937.7,-0.26888
939.5,-0.17034
941.4,-0.1061
943.2,-0.17763
945.1,-0.16973
947,-0.10224
948.9,-0.25719
950.8,-0.18573
952.6,-0.15796
954.4,-0.1858
956.3,-0.10242
958.2,-0.10246
960,-0.11441
961.9,-0.12239
963.8,-0.13038
965.6,-0.18602
967.4,-0.18606
969.3,-0.1424
971.1,-0.19408
973,-0.18617
974.9,-0.019376
976.7,-0.16638
978.5,-0.13464
980.4,-0.18632
982.3,-0.18636
984.2,-0.13873
986.1,-0.1189
988,-0.111
989.9,-0.18651
991.8,-0.25858
993.7,-0.18658
995.5,-0.15484
997.4,-0.27007
999.3,-0.083417
1001.4,0.0039295
1003.3,-0.20952
1005.2,-0.17489
1007.1,-0.18685
1008.9,-0.10347
1010.7,-0.12337
1012.7,-0.24383
1014.5,-0.27438
1016.3,-0.18703
1018.1,0.85766
1020,0.81392
1021.9,0.81389
1023.7,0.74235
1025.6,0.75025
1027.4,0.76448
1029.2,0.81374
1031.1,0.86932
1032.9,0.81367
1034.8,0.91294
1036.7,0.89702
1038.6,0.81355
1040.4,0.44191
1042.3,0.29309
1044.2,0.44003
1046,0.45986
1047.9,0.45585
1049.8,0.51142
1051.6,0.48323
1053.5,0.46869
1055.4,0.50337
1057.2,0.4795
1059.2,0.53254
1061,0.38408
1062.9,0.51513
1064.8,0.47935
1066.6,0.47931
1068.5,0.47927
1070.6,0.40375
1072.4,0.51711
1074.2,0.51491
1076,0.445
1077.9,0.39566
1079.8,0.47905
1081.7,0.39956
1083.5,0.47103
1085.3,0.37277
1087.3,0.39548
1089.1,0.47886
1090.9,0.45102
1092.9,0.41812
1094.8,0.49067
1096.7,0.47474
1098.6,0.39922
1100.5,0.46672
1102.4,0.45873
1104.2,0.37528
1106,0.27377
1107.8,0.47849
1109.7,0.49434
1111.5,0.48221
1113.4,0.38737
1115.5,0.55381
1117.3,0.45844
1119.2,0.47826
1121,0.43652
1122.8,0.506
1124.6,0.46227
1126.4,0.47415
1128.3,0.48205
1130.1,0.41358
1131.9,0.44623
1133.9,0.44222
1135.7,0.46602
1137.7,0.44612
1139.6,0.39444
1141.5,0.47782
1143.3,0.47778
1145.2,-0.86827
1147.1,0.50046
1148.9,0.44192
1150.8,0.47763
1152.6,0.44979
1154.4,0.49273
1156.3,0.47752
1158.2,0.47749
1160.1,0.49334
1162,0.537
1163.8,0.39395
1165.7,0.73952
1167.5,0.64414
1169.3,0.56069
1171.2,0.64407
1173,0.6202
1174.8,0.67433
1176.7,0.64396
1178.6,0.54858
1180.4,0.64389
1182.3,0.56043
1184.1,0.71586
1186.1,0.57173
1188,0.63182
1189.8,0.44111
1191.6,0.56024
1193.4,0.57212
1195.3,0.56017
1197.2,0.62687
1199,0.56804
1201.2,0.46471
1203.1,0.39317
1205,0.39313
1206.8,1.4533
1208.7,1.9901
1210.6,3.2774
1212.4,3.0931
1214.3,3.7819
1216.2,3.8296
1218,4.3064
1219.9,4.3143
1221.7,4.4508
1223.6,4.3103
1225.5,4.2665
1227.3,4.2903
1229.1,4.2188
1230.9,4.3975
1232.8,4.3975
1234.7,4.4173
1236.5,4.2822
1238.4,4.1869
1240.2,4.2305
1242,4.2304
1243.9,4.3138
1245.7,4.3821
1247.6,4.3138
1249.5,4.3782
1251.4,4.5501
1253.2,4.4249
1255.3,4.4179
1257.2,4.2659
1259.3,4.397
1261.2,3.9652
1263.2,4.3333
1265,4.0667
1266.9,4.219
1269,4.0868
1270.8,4.116
1272.6,4.1066
1274.5,4.0152
1276.3,4.0032
1278.1,4.1462
1280.1,4.2456
1281.9,4.3051
1283.8,4.2296
1285.6,4.1461
1287.4,4.0361
1289.3,4.0474
1291.5,4.0625
1293.3,4.0625
1295.1,4.0473
1296.9,3.979
1298.8,3.9789
1300.7,4.1117
1302.5,4.0079
1304.3,3.8119
1306.1,3.9579
1307.9,4.0695
1309.8,4.1166
1311.6,4.0621
1313.4,3.8117
1315.4,3.8952
1317.3,3.8625
1319.1,4.062
1321,3.895
1322.9,3.9785
1324.7,4.1453
1326.7,4.2287
1328.5,4.1452
1330.3,4.2287
1332.2,4.0096
1334,4.1973
1335.9,4.0616
1337.8,4.1311
1339.6,4.1172
1341.5,4.0685
1343.3,4.4171
1345.2,4.346
1347.1,4.2283
1348.9,4.3117
1350.8,4.0772
1352.7,4.1368
1354.5,4.3156
1356.5,4.3002
1358.7,4.3115
1360.6,4.1446
1362.4,3.9284
1364.3,3.8544
1366.2,3.8107
1368.2,4.1166
1370,4.1444
1371.9,4.2199
1373.7,4.3152
1375.6,4.3112
1377.4,4.1139
1379.2,4.184
1381.1,4.3111
1382.9,4.5098
1384.8,4.5614
1386.8,4.7207
1388.6,4.5841
1390.4,4.6924
1392.3,4.6248
1394.1,4.6067
1395.9,4.2512
1397.8,4.1598
1399.6,4.1438
1401.5,4.0603
1403.3,4.0603
1405,4.0603
1406.9,4.1437
1408.8,4.2509
1410.6,4.3105
1412.4,4.4774
1414.2,4.4773
1416.1,4.1554
1417.9,4.187
1419.7,4.2534
1421.6,4.4089
1423.4,4.3937
1425.4,4.3062
1427.2,4.3261
1429,4.3405
1430.8,4.3936
1432.6,4.3657
1434.4,4.2411
1436.5,4.2265
1438.5,4.2265
1440.3,4.143
1442.1,4.2037
1444,4.1946
1445.8,4.1826
1447.7,4.196
1449.6,4.1428
1451.4,4.1428
1453.1,4.1428
1454.9,4.0791
1456.8,4.0314
1458.6,4.0592
1460.4,4.0592
1462.3,4.1426
1464.4,4.226
1466.5,4.3094
1468.3,4.4842
1470.4,4.8935
1472.2,4.81
1474.1,4.659
1476,4.4403
1477.8,4.2637
1479.6,4.2257
1481.4,4.1621
1483.3,4.2598
1485.1,4.2976
1487.2,4.1461
1489.1,4.1301
1490.9,4.142
1492.9,4.2691
1494.7,4.3049
1496.5,4.2253
1498.4,4.1039
1500.3,3.8915
1502.1,3.8914
1504.1,3.9669
1505.9,3.943
1507.7,4.0279
1509.5,3.8804
1511.3,3.9111
1513.1,3.9747
1514.9,3.9746
1516.8,4.0884
1518.6,4.1136
1520.5,4.1295
1522.3,4.1891
1524.2,4.2248
1526.1,3.6406
1528.2,3.6565
1530,3.8829
1531.8,3.8233
1533.6,4.0323
1535.4,4.0974
1537.2,4.0576
1539.1,4.0576
1541.2,4.2046
1542.9,4.2284
1545,4.1409
1546.8,4.5582
1548.7,4.6257
1550.6,4.4746
1552.4,4.3077
1554.3,4.2679
1556.2,4.2545
1558,4.3235
1559.8,4.3791
1561.6,4.081
1563.5,4.2081
1565.3,4.224
1567.1,4.2239
1568.9,4.3352
1570.8,4.2636
1572.6,4.3225
1574.4,4.3755
1576.4,4.3376
1578.3,4.3072
1580.1,4.2952
1582,4.1857
1583.8,4.3071
1585.9,4.4143
1587.7,4.4739
1589.6,4.4778
1591.4,4.299
1593.2,4.1598
1595,4.2035
1596.9,4.1796
1598.8,4.2233
1600.6,4.1398
1602.4,4.2153
1604.2,4.2272
1606.1,4.2232
1607.9,4.2231
1609.7,4.2231
1611.5,4.235
1613.2,4.2906
1615.1,4.3144
1616.9,4.219
1618.8,4.2348
1620.5,4.2785
1622.4,4.2228
1624.2,4.2228
1626.3,4.2506
1628.2,4.2863
1630.2,4.1392
1632,4.3061
1633.8,3.9842
1635.6,4.2464
1637.5,4.306
1639.4,4.4311
1641.2,4.4159
1643,4.5801
1644.8,4.6397
1646.7,4.3058
1648.7,4.3058
1650.5,4.1666
1652.3,4.2222
1654.1,4.1691
1656.1,4.078
1657.9,4.2897
1660,4.1466
1661.8,4.2181
1663.6,4.222
1665.5,4.222
1667.3,4.6392
1669.2,4.5676
1671.1,4.6391
1672.9,4.806
1674.8,4.3052
1676.7,4.4721
1678.6,4.4482
1680.5,4.6588
1682.4,4.5276
1684.3,4.46
1686.2,4.6312
1688.1,4.8626
1690.2,4.7937
1692,6.761
1693.8,7.9774
1695.7,9.3966
1697.8,9.5863
1699.5,10.625
1701.4,10.281
1703.2,10.497
1705.1,10.064
1706.9,9.9331
1708.8,8.6411
1710.6,9.9087
1712.4,7.8339
1714.2,6.9037
1716.3,8.2274
1718.1,8.3108
1720.4,8.5215
1722.2,7.4759
1724.2,5.6992
1726.3,6.7842
1728.2,3.0525
1730.1,2.1346
1731.9,1.8843
1733.8,1.5823
1735.7,2.4802
1737.7,2.4303
1739.5,3.9322
1741.5,4.2403
1743.3,4.2204
1745.2,4.4708
1747,3.97
1749.1,4.5541
1750.9,3.7879
1752.8,3.3619
1754.6,3.8506
1756.4,4.6374
1758.2,4.8309
1760,4.0492
1761.9,5.0586
1763.8,5.1532
1765.6,4.1087
1767.4,4.6332
1769.3,4.5656
1771.1,6.2229
1773.1,5.2372
1774.9,5.8889
1777,5.3881
1779.2,5.8054
1781,5.5311
1782.8,5.5311
1784.6,5.6861
1786.4,4.3523
1788.5,4.6368
1790.5,4.9428
1792.4,5.3044
1794.2,4.4698
1796,2.7174
1797.8,2.6578
1799.6,2.2167
1801.5,2.1809
1803.3,2.1559
1805.1,2.2921
1806.9,2.7211
1808.7,3.6191
1810.6,3.7542
1812.4,3.3694
1814.2,2.6137
1816.1,2.1102
1818.2,1.2986
1820.1,1.1317
1821.9,1.8825
1823.7,3.4526
1825.8,4.9222
1827.7,6.8326
1830,7.8276
1831.8,7.3068
1833.7,8.1455
1835.8,8.8094
1838,8.7298
1840.1,9.1075
1841.9,8.6688
1843.7,8.7257
1845.5,7.8909
1847.3,8.7376
1849.3,9.644
1851.2,8.6699
1853.1,9.606
1854.8,9.253
1856.8,9.2463
1858.7,9.2383
1860.6,8.6495
1862.6,8.8847
1864.4,8.944
1866.3,8.7372
1868,8.9757
1869.9,8.8087
1871.7,8.3078
1873.5,8.7251
1875.3,10.812
1877.3,9.2021
1879.1,9.2487
1880.9,8.892
1882.7,8.6057
1884.5,8.1644
1886.6,7.7946
1888.5,8.1603
1890.3,7.2184
1892.2,7.2297
1894,6.7411
1895.9,5.9144
1897.8,7.222
1899.6,8.1402
1901.5,6.3645
1903.2,8.9029
1905,8.6904
1907.1,5.5286
1908.9,4.1337
1910.8,4.3959
1912.6,3.1782
1914.4,1.7972
1916.6,0.80799
1918.6,0.58567
1920.4,0.29548
1922.2,0.29544
1924,0.73634
1925.9,0.96274
1927.7,0.58549
1929.7,0.74417
1931.5,1.2963
1933.4,1.2009
1935.4,1.2128
1937.2,0.71224
1939.1,0.79563
1941,1.2723
1942.9,1.8611
1944.7,1.4748
1946.6,1.296
1948.5,1.88
1950.3,2.6309
1952.1,3.6321
1953.9,4.0017
1955.7,6.2192
1957.6,4.0016
1959.5,3.1035
1961.3,5.7866
1963.2,2.6346
1965.1,2.7935
1966.9,4.1484
1968.8,5.1605
1970.6,5.0887
1972.4,5.7007
1974.3,5.6346
1976.1,5.4557
1977.9,7.5305
1979.9,5.6041
1982,4.2912
1984.1,4.0981
1985.9,3.0322
1987.7,2.3798
1989.5,2.197
1991.4,2.8804
1993.7,2.9558
1995.8,3.1227
1997.8,4.1319
1999.6,6.3853
2001.7,6.2183
2003.5,7.1126
2005.3,7.7207
2007.1,7.673
2009,7.6118
2010.8,6.552
2012.6,5.4669
2014.5,3.3925
2016.7,3.3085
2018.5,3.3566
2020.5,3.4917
2022.4,3.0087
2024.2,3.1936
2026.1,3.2362
2027.9,3.2889
2029.7,3.2173
2031.8,2.812
2033.8,3.1071
2035.8,3.0623
2037.6,3.2132
2039.5,3.547
2041.4,3.5832
2043.2,4.1747
2045,5.4663
2046.9,5.3828
2048.7,5.8152
2050.6,5.9073
2052.5,6.2173
2054.7,6.4676
2056.6,5.9668
2058.4,5.9668
2060.2,5.299
2062,6.225
2063.9,7.1273
2065.8,6.8132
2067.6,7.4094
2069.7,8.3873
2071.6,8.1368
2073.8,8.0255
2075.6,7.6756
2077.4,7.355
2079.2,7.7511
2081,8.2996
2082.9,5.8868
2084.7,5.401
2086.5,6.3835
2088.3,4.003
2090.4,4.6308
2092.2,4.1554
2094.1,4.893
2096,4.4598
2097.8,4.8889
2099.6,3.7126
2101.4,3.8795
2103.2,4.2133
2105.2,3.6291
2107,3.0251
2108.8,6.6335
2110.6,2.7111
2112.4,2.4228
2114.3,3.5455
2116.2,2.8898
2118,4.5164
2119.8,4.7772
2121.9,3.7122
2123.8,4.1928
2125.6,2.4872
2127.5,4.5108
2129.4,4.7969
2131.3,4.928
2133.3,4.5161
2135.1,7.0742
2136.9,6.4064
2138.7,5.5479
2140.6,4.8126
2142.6,5.1153
2144.4,5.5756
2146.5,4.3515
2148.4,5.4263
2150.2,3.1275
2152.2,2.4044
2154,1.2085
2156.2,0.8899
2158,0.95812
2160.1,1.0415
2161.9,1.0415
2163.8,1.2083
2165.7,2.0108
2167.5,3.7947
2169.7,3.4212
2171.5,3.2622
2173.3,4.796
2175.2,4.9629
2177.2,4.6291
2179,4.8794
2180.9,6.1313
2182.8,5.7974
2184.7,7.8404
2186.5,6.3815
2188.3,5.2965
2190.2,4.7242
2192.2,4.136
2194.2,2.1294
2196.1,1.6208
2197.9,1.2076
2199.9,1.7916
2201.9,1.8471
2203.8,2.2921
2205.6,3.3426
2207.5,2.9595
2209.5,3.7939
2211.5,2.7926
2213.3,2.1288
2215.2,1.9505
2217.3,2.0336
2219.3,1.8031
2221.1,1.5408
2223.2,1.2071
2225.1,1.5408
2227,1.9579
2228.8,2.0135
2230.7,2.2271
2232.5,3.0462
2234.4,2.9514
2236.3,4.2106
2238.2,4.8782
2240.2,4.0291
2242.1,5.049
2244,5.1483
2245.9,6.0346
2247.7,8.2168
2249.8,8.1213
2251.6,8.4672
2253.5,8.729
2255.4,9.1151
2257.2,13.595
2259.1,14.275
2260.9,14.563
2262.8,16.099
2264.6,13.811
2266.4,14.73
2268.2,14.981
2270,16.019
2271.9,14.145
2273.7,14.479
2275.6,15.179
2277.5,15.732
2279.3,15.732
2281.2,10.174
2283,8.1326
2284.9,6.94
2286.7,6.9996
2288.6,6.8803
2290.5,6.3993
2292.3,7.564
2294.2,7.548
2296.2,8.0528
2298.2,7.9881
2300.2,7.8977
2302.2,9.3845
2304.1,8.8532
2305.9,8.3389
2307.8,9.2174
2309.9,7.2973
2311.8,7.5675
2313.6,7.5552
2315.4,6.9557
2317.2,6.3352
2319.2,6.4147
2321.1,5.7111
2323,5.8303
2325,5.1586
2326.9,4.3519
2328.8,3.5109
2330.7,2.7981
2332.5,2.9411
2334.5,3.3623
2336.3,4.9597
2338.4,3.4576
2340.2,3.831
2342.3,5.1265
2344.3,5.2497
2346.1,4.766
2347.9,4.9595
2349.8,4.6256
2351.6,5.4602
2353.5,5.2097
2355.3,4.9593
2357.1,5.2097
2358.9,5.46
2360.8,5.1261
2362.7,5.2096
2364.5,5.0426
2366.3,4.8081
2368.2,4.9325
2370.1,5.2571
2372,5.6267
2374.1,5.9225
2376.1,6.1577
2377.9,6.5288
2379.8,7.2204
2381.6,7.2084
2383.5,7.9636
2385.4,8.8819
2387.3,9.1323
2389.1,11.053
2390.9,11.053
2392.8,10.814
2394.9,10.301
2396.7,10.301
2398.7,10.635
2400.6,9.9153
2402.4,10.164
2404.3,10.05
2406.2,10.05
2408,10.241
2409.9,10.468
2411.8,10.885
2413.6,11.303
2415.4,11.764
2417.3,11.164
2419.1,10.635
2421,10.933
2422.8,10.992
2424.7,12.373
2426.6,13.311
2428.5,14.138
2430.5,14.309
2432.4,16.231
2434.3,17.348
2436.1,16.481
2438,16.175
2439.8,18.236
2441.6,18.904
2443.5,18.904
2445.3,18.008
2447.1,17.782
2448.9,17.901
2451,16.28
2452.9,16.648
2454.7,16.564
2456.5,20.993
2458.3,20.993
2460.2,21.077
2462,15.858
2463.8,16.982
2465.6,16.731
2467.5,18.498
2469.4,20.074
2471.2,18.319
2473.1,19.616
2475.1,19.059
2477,18.183
2478.8,19.352
2480.7,18.625
2482.6,19.507
2484.5,20.499
2486.3,22.243
2488.2,22.342
2490.1,21.768
2491.9,22.748
2493.8,23.204
2495.6,23.751
2497.7,24.504
2499.5,24.42
2501.4,27.514
2503.2,27.442
2505.1,25.629
2506.9,26.546
2508.7,25.503
2510.5,27.868
2512.6,27.468
2514.4,30.115
2516.2,32.517
2518.1,32.768
2520,34.96
2521.8,34.249
2523.7,35.295
2525.6,36.634
2527.5,37.22
2529.3,37.973
2531.1,39.636
2533,41.175
2534.9,41.658
2536.8,43.205
2538.6,44.589
2540.4,45.343
2542.3,49.19
2544.1,51.8
2546,50.778
2548.2,51.953
2550.3,54.252
2552.1,52.97
2554,56.36
2555.8,56.743
2557.8,54.952
2559.6,55.569
2561.3,59.176
2563.1,58.859
2565,60.015
2566.8,59.052
2568.7,58.15
2570.6,56.767
2572.4,57.426
2574.3,59.507
2576.1,60.613
2577.9,53.508
2579.7,53.137
2581.5,52.331
2583.4,51.065
2585.2,53.64
2587,50.37
2588.9,55.637
2590.8,49.048
2592.6,48.223
2594.4,47.022
2596.3,44.556
2598.2,45.091
2600.1,41.832
2601.9,41.063
2603.7,41.154
2605.5,40.484
2607.4,39.312
2609.2,39.981
2611,39.144
2612.8,35.795
2614.7,34.615
2616.5,32.257
2618.3,32.448
2620.1,32.495
2621.9,32.758
2623.8,32.264
2625.6,28.85
2627.4,27.512
2629.2,26.823
2631.2,25.086
2633,22.877
2634.8,21.708
2636.5,21.491
2638.5,24.417
2640.3,21.575
2642.1,18.148
2644,16.119
2645.8,15.343
2647.7,13.887
2649.5,11.587
2651.4,12.062
2653.2,10.88
2655,9.127
2656.9,7.5169
2658.7,6.4101
2660.6,6.0859
2662.5,5.0645
2664.3,5.1353
2666.2,4.8776
2668.1,4.8617
2669.9,3.3
2671.7,3.145
2673.6,3.0337
2675.5,2.9502
2677.4,2.533
2679.2,2.1237
2681.1,1.782
2682.9,1.1145
2684.8,1.5515
2686.6,1.8312
2688.5,1.9884
2690.3,3.8678
2692.2,3.7843
2694,2.2823
2695.8,2.0519
2697.6,1.6831
2699.4,2.8305
2701.3,3.2834
2703.1,2.1272
2704.9,2.7827
2706.7,3.1013
2708.5,3.3389
2710.3,2.9972
2712.2,2.9018
2714,2.3177
2715.9,1.4021
2717.8,1.1973
2719.6,1.6144
2721.7,1.6977
2723.6,1.948
2725.4,1.1653
2727.2,1.6445
2729,2.7465
2730.9,2.214
2732.7,3.8442
2734.5,4.1855
2736.3,3.2827
2738.2,2.2511
2740,3.6165
2741.9,3.1992
2743.7,2.4482
2745.6,3.4574
2747.5,4.9436
2749.3,5.4333
2751.3,6.0364
2753.1,6.2629
2754.9,6.3702
2757,6.4894
2758.8,6.8113
2760.9,8.2825
2762.7,7.964
2764.9,6.9657
2766.7,5.9489
2768.5,4.7842
2770.3,5.7022
2772.5,5.8214
2774.3,5.3228
2776.2,4.7006
2778.3,3.9693
2780.1,3.7627
2781.9,3.7066
2783.8,3.7787
2785.6,4.0805
2787.5,4.1996
2789.4,4.7838
2791.4,5.8308
2793.5,6.3297
2795.3,7.0144
2797.2,7.5759
2799,9.2116
2800.8,11.287
2802.7,11.478
2804.6,11.462
2806.5,11.951
2808.3,12.047
2810.2,12.186
2812.1,12.675
2813.9,13.8
2815.7,13.466
2817.8,13.383
2819.7,13.048
2821.5,12.851
2823.4,13.048
2825.2,13.717
2827.3,14.019
2829.1,13.506
2831,13.382
2832.8,13.299
2834.6,13.677
2836.4,13.999
2838.3,14.798
2840.1,15.972
2842,16.015
2843.8,14.217
2845.6,16.055
2847.5,15.188
2849.3,14.106
2851.1,14.305
2852.9,13.684
2854.8,13.564
2856.6,13.367
2858.4,12.395
2860.2,13.111
2862.2,13.083
2864.1,12.664
2865.9,13.31
2867.7,12.356
2869.5,12.296
2871.4,11.795
2873.2,12.391
2875.2,10.709
2877,10.765
2878.8,10.387
2880.7,11.192
2882.5,10.375
2884.4,10.295
2886.2,10.784
2888.1,12.261
2889.9,10.826
2891.7,9.2058
2893.5,10.088
2895.4,9.7584
2897.2,9.1341
2899,10.518
2900.9,9.8895
2902.7,9.5395
2904.7,9.79
2906.5,9.9331
2908.3,10.816
2910.1,10.303
2912.1,9.7978
2913.9,10.955
2915.7,9.587
2917.6,8.3346
2919.4,8.7878
2921.3,8.6804
2923.3,11.674
2925.1,11.805
2926.9,9.6909
2928.8,7.8162
2930.6,6.8477
2932.4,5.6155
2934.2,4.8405
2936.1,2.012
2938,2.5675
2939.9,-0.47556
2941.7,-1.6433
2943.6,-1.6513
2945.4,-0.68799
2947.2,-1.9922
2949,-1.29
2950.8,-3.6829
2952.6,-3.9746
2954.5,-5.7335
2956.3,-7.3135
2958.1,-10.511
2959.9,-10.524
2961.8,-11.231
2963.6,-13.09
2965.4,-17.491
2967.3,-18.811
2969.2,-18.335
2971,-19.242
2972.8,-20.559
2974.6,-22.973
2976.4,-28.089
2978.3,-26.968
2980.1,-26.885
2981.9,-26.688
2983.7,-28.881
2985.5,-28.378
2987.4,-28.317
2989.1,-28.549
2991,-28.632
2992.9,-27.8
2994.8,-28.573
2996.6,-27.525
2998.4,-26.849
3000.3,-24.362
3002.2,-24.571
3004,-22.05
3005.9,-21.785
3007.7,-22.082
3009.8,-23.64
3011.7,-21.952
3013.5,-20.263
3015.4,-19.839
3017.3,-19.855
3019.2,-13.874
3021,-12.565
3022.8,-10.911
3024.6,-9.6486
3026.5,-9.2835
3028.3,-8.3455
3030.2,-8.4819
3032.2,-7.7318
3034,-8.1713
3035.9,-6.8983
3037.7,-4.7534
3039.5,-5.6479
3041.4,-4.5261
3043.3,-2.11
3045.1,-3.5711
3047,-2.7182
3048.8,-1.9828
3050.6,1.3416
3052.5,1.5481
3054.4,2.5748
3056.2,2.9784
3058.1,2.8402
3059.9,0.022541
3061.7,2.5215
3063.5,2.1195
3065.3,2.1081
3067.2,7.5971
3069,8.6655
3070.9,9.7588
3072.7,10.333
3074.5,9.7866
3076.7,11.457
3078.5,11.17
3080.3,11.066
3082.1,13.672
3084.1,14.889
3085.9,15.8
3087.7,15.322
3089.6,16.138
3091.4,16.126
3093.4,16.432
3095.2,15.835
3097,13.389
3098.8,14.606
3100.7,15.967
3102.5,17.569
3104.3,16.635
3106.1,14.928
3107.9,14.224
3109.8,14.861
3111.6,14.839
3113.5,15.648
3115.4,15.799
3117.2,17.219
3119.1,17.375
3120.9,17.53
3122.7,16.587
3124.5,16.483
3126.4,16.384
3128.2,17.147
3130,17.55
3132,17.713
3133.8,17.784
3135.6,18.556
3137.4,17.557
3139.3,17.271
3141.1,16.634
3142.9,16.885
3144.8,17.052
3146.6,18.17
3148.4,17.811
3150.5,17.637
3152.3,16.825
3154.2,16.741
3156,16.835
3157.8,17.374
3159.7,18.568
3161.5,19.248
3163.3,19.379
3165.1,20.848
3166.9,21.731
3168.9,23.153
3170.7,22.738
3172.5,22.894
3174.4,24.908
3176.2,25.211
3178,25.282
3179.9,25.635
3181.7,26.246
3183.7,27.401
3185.8,28.261
3187.6,27.409
3189.4,26.748
3191.3,27.612
3193.1,28.169
3195,28.775
3196.8,28.671
3198.7,29.281
3200.6,29.508
3202.4,30.511
3204.3,30.511
3206.1,30.125
3208,30.846
3209.8,30.648
3211.7,31.013
3213.6,31.504
3215.4,31.268
3217.2,32.706
3219.1,32.154
3220.9,31.302
3222.7,31.324
3224.5,31.024
3226.3,30.922
3228.2,30.743
3230,30.846
3231.8,30.718
3233.6,30.093
3235.5,29.642
3237.5,29.507
3239.3,29.089
3241.1,29.644
3242.9,29.758
3244.7,30.552
3246.6,30.813
3248.4,30.53
3250.3,31.001
3252.1,30.514
3254,31.084
3256,31.682
3257.9,30.678
3259.7,29.799
3261.5,29.451
3263.3,29.371
3265.2,29.757
3267,29.506
3268.8,29.108
3270.6,28.972
3272.5,29.004
3274.3,30.036
3276.1,30.51
3278,31.1
3279.8,32.426
3281.7,32.785
3283.5,31.864
3285.3,33.139
3287.1,34.328
3288.9,34.12
3291.1,34.404
3293.1,34.442
3295.5,33.167
3297.9,32.715
3300,32.518
3302,32.495
3304.1,32.828
3306.3,32.733
3308.7,32.597
3310.8,32.298
3312.9,32.318
3314.8,32.297
3316.9,32.517
3318.7,32.259
3320.7,32.015
3322.5,32.075
3324.4,32.038
3326.2,31.632
3328,31.501
3329.8,31.444
3331.7,30.832
3333.5,31.178
3335.3,31.498
3338.3,31.68
3340.3,31.916
3342.6,32.497
3344.6,32.517
3346.7,33.007
3349.1,33.627
3351.1,33.537
3353.1,35.039
3355.3,35.78
3357.5,34.975
3359.6,34.357
3361.9,33.668
3363.9,32.819
3365.9,32.851
3367.8,31.428
3369.7,30.424
3371.8,30.165
3373.9,28.751
3376,28.721
3378.2,28.668
3380.3,28.803
3382.3,28.693
3384.3,28.699
3386.3,28.622
3388.3,28.667
3390.5,28.627
3392.5,28.655
3394.6,28.785
3396.6,28.89
3398.6,28.942
3400.5,29.002
3402.3,29.002
3404.1,29.002
3406,28.731
3407.8,28.616
3409.8,28.627
3411.7,28.619
3413.5,28.667
3415.5,28.667
3417.3,28.667
3419.3,28.822
3421.1,28.774
3422.9,28.75
3424.8,28.702
3426.7,28.694
3428.5,28.735
3430.3,28.583
3432.2,28.701
3434,29.061
3435.9,29.001
3437.7,29.837
3439.5,30.566
3441.4,31.359
3443.4,33.168
3445.2,33.527
3447,33.638
3448.9,34.131
3450.8,34.409
3452.6,34.722
3454.5,36.006
3456.3,36.125
3458.2,36.018
3460,36.304
3461.9,34.298
3464.4,33.199
3466.6,33.694
3468.6,32.586
3470.6,32.514
3472.7,30.898
3474.9,29.669
3477.1,28.594
3479.2,28.384
3481.2,28.308
3483.4,28.522
3485.4,28.45
3487.3,28.951
3489.1,28.785
3491,30.171
3492.8,30.323
3494.6,30.673
3496.4,30.939
3498.2,31.035
3500,30.715
3501.8,30.701
3503.8,30.612
3505.6,31.015
3507.5,30.673
3509.3,30.657
3511.1,31.593
3513,32.346
3514.8,32.812
3516.6,32.498
3518.4,32.179
3520.3,31.091
3522.1,30.315
3523.9,30.026
3525.8,30.127
3527.6,29.218
3529.5,28.938
3531.4,28.987
3533.2,28.748
3535,28.497
3537,28.262
3538.8,28.102
3540.9,27.995
3542.7,27.617
3544.6,28.048
3546.4,28.111
3548.2,29.082
3550.2,28.246
3552,27.676
3553.9,26.318
3555.7,26.067
3557.6,26.358
3559.4,22.81
3561.3,23.073
3563.2,20.979
3565,20.113
3566.9,18.611
3568.8,17.573
3570.6,16.412
3572.4,15.189
3574.2,13.368
3576.1,11.614
3577.9,10.488
3579.7,9.7288
3581.5,8.3572
3583.3,5.6025
3585.2,4.1718
3587.1,4.1802
3588.9,4.0342
3590.7,3.5995
3592.6,3.3491
3594.5,4.0167
3596.5,5.2381
3598.5,5.0816
3600.3,4.5931
3602.2,4.6045
3604,4.7676
3605.8,5.9081
3607.6,5.7273
3609.4,4.8231
3611.2,3.4322
3613.1,3.603
3614.9,2.7567
3616.8,2.8321
3618.6,2.317
3620.4,2.4745
3622.3,2.9313
3624.2,2.8677
3626,2.9389
3627.9,2.1765
3629.8,1.775
3631.6,1.6531
3633.6,1.1297
3635.4,2.63
3637.2,0.74594
3639,0.59495
3640.8,0.59491
3642.7,0.65934
3644.6,0.78443
3646.4,0.97219
3648.2,0.65038
3650,0.845
3651.8,0.84496
3653.6,1.1786
3655.5,0.84489
3657.3,0.89649
3659.2,1.0117
3661,1.0434
3662.8,1.385
3664.6,1.5042
3666.5,1.7624
3668.3,1.6908
3670.1,1.7623
3672,1.6788
3673.9,1.474
3675.7,1.345
3677.6,1.4436
3679.4,1.5118
3681.2,1.5952
3683.1,1.5952
3684.9,1.6786
3686.8,1.8891
3688.6,1.7619
3690.4,2.0281
3692.2,2.0956
3694.2,2.179
3696.1,2.6909
3697.9,2.4027
3699.9,2.2941
3701.8,2.0557
3703.6,2.2091
3705.5,2.0953
3707.3,2.3456
3709.1,2.2621
3711,2.1142
3712.8,2.0459
3714.7,2.1786
3716.5,2.2885
3718.4,2.6632
3720.2,2.683
3722,2.5877
3723.8,1.7215
3725.7,1.7056
3727.6,2.083
3729.4,1.7611
3731.2,1.6578
3733,1.5942
3734.9,1.5107
3736.7,2.3132
3738.5,3.0656
3740.3,3.4296
3742.2,9.1888
3744.1,11.654
3745.9,7.0183
3747.7,3.2626
3749.6,3.7784
3751.4,3.791
3753.2,4.4725
3755,2.4559
3756.8,2.428
3758.7,2.9286
3760.5,2.6783
3762.3,2.3644
3764.3,1.4267
3766.1,1.8438
3768,0.091864
3769.8,1.0929
3771.7,0.91805
3773.5,1.4305
3775.3,0.5679
3777.1,1.0927
3778.9,1.3708
3780.9,2.5944
3782.7,2.9281
3784.6,1.8434
3786.4,1.9149
3788.2,1.903
3790,1.9744
3791.9,1.1759
3793.7,2.9545
3795.5,3.0948
3797.3,2.1769
3799.1,2.2484
3801,2.3239
3802.8,1.8749
3804.6,1.1756
3806.6,0.67503
3808.4,0.50816
3810.3,0.75838
3812.1,1.092
3813.9,1.5211
3815.8,0.8417
3817.7,0.39422
3819.5,0.46243
3821.3,0.34106
3823.1,0.66279
3825.1,0.4244
3826.9,0.17411
3828.8,-0.07618
3830.6,0.0072009
3832.5,0.09058
3834.3,0.22705
3836.2,0.3209
3838,0.25731
3839.8,1.1749
3841.7,0.82926
3843.7,0.59087
3845.6,0.34057
3847.4,0.2174
3849.3,0.17366
3851.2,-0.076625
3853,-0.15213
3854.8,0.086164
3856.7,-0.064818
3858.5,0.0066456
3860.4,-0.13639
3862.2,-0.27942
3864,0.59047
3865.9,0.67385
3867.8,0.59834
3869.6,2.4099
3871.4,1.2577
3873.4,0.53467
3875.2,1.0491
3877.1,2.2389
3878.9,5.1595
3880.8,4.3827
3882.7,3.7606
3884.7,5.0123
3886.6,5.0242
3888.4,4.905
3890.4,6.6258
3892.3,5.5129
3894.4,5.9699
3896.2,6.7648
3898.1,7.1464
3900,7.0304
3901.8,7.8499
3903.7,5.1868
3905.7,5.1907
3907.5,5.3192
3909.3,5.3457
3911.1,4.3958
3913,3.0697
3914.8,3.1
3916.6,3.0013
3918.4,2.842
3920.3,2.842
3922.3,2.7903
3924.1,2.7982
3925.9,3.0644
3927.8,3.1557
3929.6,3.0007
3931.5,2.8417
3933.4,2.5421
3935.3,2.341
3937.1,2.341
3939,2.6747
3940.8,3.2891
3942.7,4.6575
3944.6,4.2828
3946.4,7.5075
3948.2,8.6838
3950,8.7394
3951.8,9.2264
3953.6,10.354
3955.5,8.9143
3957.3,7.7729
3959.1,6.8395
3961,6.0123
3963,5.0942
3965,3.8196
3966.8,3.4251
3969,3.3019
3970.8,3.2051
3973.2,3.3416
3975.1,3.2581
3977.2,3.258
3979.3,3.3414
3981.2,3.3414
3983.1,3.3414
3984.9,3.2579
3986.7,3.1744
3988.5,3.1505
3990.5,3.2274
3992.4,3.8856
3994.3,3.2219
3996.2,3.3677
3998.1,3.4404
4000.1,3.5079
4002.1,3.5079
4004.2,3.3409
4006.1,3.2575
4008,3.174
4009.9,3.0905
4011.7,2.9236
4014,2.8401
4015.9,2.8818
4017.8,2.3911
4019.8,2.5062
4021.8,2.4704
4023.7,2.673
4025.6,2.4267
4027.5,2.4187
4029.5,2.2716
4031.3,2.3391
4033.1,2.3391
4035,2.2159
4036.9,2.1722
4038.7,2.2707
4040.6,2.339
4042.5,2.3389
4044.4,2.327
4046.4,2.5057
4048.2,2.4564
4050,2.303
4051.8,2.1957
4053.6,2.3387
4055.5,2.2552
4057.3,2.1717
4059.2,1.9413
4061.1,1.8936
4063,2.1716
4064.8,1.9531
4066.6,1.9848
4068.4,1.7544
4070.2,1.4206
4072,1.8377
4073.9,1.8655
4075.8,1.9211
4077.6,1.8893
4079.6,1.7807
4081.6,1.9399
4083.5,2.0044
4085.3,2.0043
4087.2,1.9057
4089.1,1.9208
4090.9,1.6228
4092.8,2.3737
4094.7,2.5351
4096.6,1.7538
4098.4,1.7538
4100.2,1.5034
4102.1,1.3683
4104,1.2292
4105.9,1.3023
4107.7,1.2341
4109.6,1.0384
4111.4,0.90786
4113.4,0.83974
4115.2,0.82779
4117,0.8357
4118.8,0.83566
4120.7,0.91905
4122.6,0.88868
4124.4,0.80377
4126.2,0.67662
4128.1,0.82753
4129.9,0.83544
4131.9,0.71623
4133.8,0.66852
4135.7,0.54534
4137.5,0.61283
4139.3,0.85042
4141.1,0.7518
4143,1.5026
4145,1.4343
4146.8,1.5556
4148.6,1.4628
4150.5,1.1171
4152.4,2.0626
4154.3,1.2521
4156.1,1.5023
4158,2.1697
4159.8,1.9194
4161.7,2.8054
4163.5,2.2928
4165.3,2.7271
4167.3,1.1883
4169.1,0.7433
4170.9,-0.16243
4172.7,0.25064
4174.5,-0.30153
4176.3,0.04582
4178.2,-1.5567
4180,-0.59882
4181.8,-0.58369
4183.7,-0.58373
4185.6,-0.1667
4187.5,-0.55726
4189.4,0.87001
4191.3,-1.1298
4193.3,-0.60378
4195.1,-0.73092
4197,-0.58399
4198.9,-0.66744
4200.8,-0.99318
4202.7,-1.0012
4204.5,-1.1073
4206.3,0.83392
4208.2,0.86422
4210,1.5489
4211.8,2.9196
4213.7,4.9223
4215.5,3.4202
4217.3,1.9524
4219.3,1.0839
4221.2,1.1673
4223,1.4176
4224.9,-0.23898
4226.8,-0.00068497
4228.7,-0.00072279
4230.6,0.41633
4232.6,0.27329
4234.5,0.44803
4236.3,0.2873
4238.1,0.85713
4240,1.3497
4241.9,1.3338
4243.7,2.3349
4245.6,3.0858
4247.4,4.8382
4249.2,4.9216
4251.2,4.5043
4253,3.8974
4255,2.5055
4256.9,2.7479
4259,3.571
4260.9,2.4855
4262.7,2.5848
4264.5,2.1676
4266.2,2.5848
4268,2.6563
4269.9,2.9145
4271.7,3.0932
4273.5,2.3343
4275.3,2.2167
4277.2,5.5432
4279,5.8011
4280.8,8.9873
4282.5,7.6992
4284.4,6.5743
4286.2,8.624
4288,5.9661
4289.8,6.0893
4291.5,4.2531
4293.5,3.9193
4295.3,4.5869
4297.2,5.3379
4299.2,7.1265
4301.1,5.2544
4302.9,6.4467
4304.8,6.2559
4306.5,8.855
4308.4,8.9271
4310.2,7.7464
4312,7.007
4313.8,9.5512
4315.7,9.1059
4317.5,8.3197
4319.3,7.0983
4321.1,6.9193
4322.9,4.6698
4324.8,5.2818
4326.6,5.4288
4328.5,8.7104
4330.3,7.261
4332.2,9.5111
4334,9.511
4335.8,3.5012
4337.6,2.8853
4339.4,3.1237
4341.2,2.6933
4343,2.6428
4344.8,2.4998
4346.6,2.3567
4348.4,2.1302
4350.4,2.0825
4352.2,2.2016
4354,2.2493
4355.8,2.2135
4357.6,1.9989
4359.4,1.9989
4361.2,2.1392
4363.2,2.2491
4365,2.0974
4366.8,2.0822
4368.7,2.158
4370.5,2.7496
4372.3,3.2979
4374.1,3.4766
4376,3.4663
4377.8,2.7613
4379.7,2.4156
4381.6,2.1653
4383.5,2.2407
4385.3,2.0858
4387.2,2.0817
4389,2.0817
4390.8,2.1196
4392.8,2.8961
4394.8,2.916
4396.6,2.7252
4398.5,2.745
4400.6,2.6617
4402.4,2.6769
4404.3,2.582
4406.2,2.6123
4408.1,2.4985
4410,2.5174
4411.8,2.4547
4413.7,3.7381
4415.6,4.3381
4417.6,4.7514
4419.4,5.8666
4421.3,6.8379
4423.1,6.969
4425.2,7.3841
4427.1,6.0182
4429,5.9196
4430.8,5.6691
4432.7,5.6691
4434.6,4.9179
4436.5,4.1509
4438.4,4.0833
4440.3,3.9164
4442.1,3.8329
4444,4.4739
4445.9,4.6832
4447.7,3.9997
4449.9,5.7522
4451.7,5.8356
4453.5,5.7521
4455.4,5.5852
4457.5,5.0009
4459.4,5.2513
4461.2,5.2274
4463,4.5835
4465.1,5.3426
4467.2,3.9079
4469.3,3.9234
4471.1,3.9916
4472.9,3.9738
4474.8,4.5833
4476.6,4.8336
4478.5,4.5832
4480.3,4.4997
4482.5,4.4162
4484.3,4.0824
4486.4,3.9989
4488.2,3.7485
4490,3.6929
4491.8,3.7902
4493.7,4.0504
4495.6,3.9987
4497.5,4.249
4499.5,4.4159
4501.4,4.3324
4503.2,4.9166
4505,4.7854
4507,4.8052
4508.8,4.5409
4510.6,4.6939
4512.5,4.6859
4514.4,5.5721
4516.2,6.9194
4518.1,5.9178
4520.1,6.1006
4522,5.3335
4523.9,4.9996
4525.7,6.3425
4527.6,8.0322
4529.6,8.1475
4531.5,7.6704
4533.4,7.6743
4535.2,7.4954
4537,7.3364
4538.9,7.7537
4540.8,6.3764
4542.6,4.7767
4544.4,4.2322
4546.3,4.0812
4548.1,4.1646
4550,4.1797
4552.1,4.248
4553.9,4.1088
4555.8,3.9975
4557.7,3.8664
4559.5,3.9975
4561.3,3.914
4563.1,3.9139
4565,3.9139
4566.8,4.0542
4568.7,4.045
4570.6,3.9575
4572.5,4.1641
4574.6,4.1375
4576.4,4.5932
4578.3,4.5018
4580.2,4.4938
4582,5.2868
4584.2,4.7321
4586.1,4.9415
4588,5.0341
4589.8,4.9983
4591.6,4.6008
4593.7,4.8313
4595.6,4.8313
4597.5,4.414
4599.4,4.4253
4601.2,4.3039
4603.3,4.386
4605.1,4.6642
4607,4.7324
4608.8,4.7277
4610.6,4.3302
4612.4,4.5806
4614.5,4.5964
4616.4,4.5805
4618.3,4.4135
4620.1,4.1592
4622,4.0797
4623.9,4.22
4625.7,4.0319
4627.5,4.2465
4629.4,4.3974
4631.3,4.3488
4633.1,4.3298
4634.9,4.2539
4636.8,4.3019
4638.6,4.2311
4640.4,4.1627
4642.2,4.1746
4644.2,4.2272
4646.1,4.2183
4648,4.1626
4649.8,4.1626
4651.7,4.1188
4653.6,4.1625
4655.4,4.2459
4657.2,4.1814
4659.1,4.1971
4661,4.3292
4662.9,4.3064
4664.7,4.4202
4666.5,4.5719
4668.3,4.496
4670.2,4.4125
4672,4.0787
4673.9,4.1104
4675.7,4.1241
4677.5,4.162
4679.5,4.2454
4681.3,4.3288
4683.2,4.3516
4685.1,4.3288
4687,4.4122
4688.8,4.4121
4690.6,4.4121
4692.4,4.4121
4694.2,4.3286
4696.2,4.2451
4698.1,4.3019
4699.9,4.3285
4701.8,4.4476
4703.7,4.4687
4705.6,4.3966
4707.5,4.4157
4709.3,4.4038
4711.1,4.2448
4713,4.2979
4714.8,4.2068
4716.7,4.1612
4718.5,4.1453
4720.5,4.1612
4722.3,4.1611
4724.1,4.1611
4726.1,4.2206
4728,4.3431
4729.9,4.4568
4731.7,4.4709
4733.6,4.3278
4735.5,4.3278
4737.6,4.2367
4739.5,4.1646
4741.4,4.0773
4743.2,4.2442
4745.1,4.2441
4746.9,4.2114
4748.8,4.1169
4750.8,4.2288
4752.6,4.244
4754.5,4.2439
4756.3,4.388
4758.2,4.4108
4760,4.4107
4761.9,4.3841
4763.7,4.4106
4765.5,4.3272
4767.3,4.3112
4769.1,4.2967
4771.1,4.4105
4772.9,4.3787
4774.7,4.1799
4776.6,4.1714
4778.4,4.3231
4780.2,4.3269
4782.1,4.4103
4783.9,4.3626
4785.8,4.287
4787.6,4.1598
4789.5,4.0883
4791.4,4.1635
4793.2,4.0649
4795.2,4.0762
4797,4.0762
4798.9,4.1159
4800.7,4.1596
4802.6,4.2191
4804.5,4.1595
4806.4,4.1594
4808.3,4.2429
4810.2,4.3111
4812,4.4931
4813.8,4.6183
4815.6,4.5487
4817.6,4.5169
4819.6,4.474
4821.4,4.4095
4823.3,4.4095
4825.1,4.4739
4826.9,4.5763
4828.9,4.5307
4830.9,4.5383
4832.7,4.4093
4834.6,4.4092
4836.5,4.3257
4838.3,4.3257
4840.2,4.2574
4842,4.2422
4843.9,4.1984
4845.8,4.2762
4847.6,4.3255
4849.5,4.242
4851.3,4.242
4853.2,4.242
4855,4.2419
4856.8,4.2777
4858.7,4.3632
4860.6,4.4087
4862.4,4.3133
4864.2,4.5755
4866.2,4.655
4868.1,4.5755
4869.9,4.6589
4871.8,4.5678
4873.6,4.4402
4875.4,4.5316
4877.3,4.6474
4879.1,4.3287
4880.9,4.3765
4882.7,4.5752
4884.6,4.4765
4886.4,4.2413
4888.2,4.3088
4890,4.3287
4891.9,4.4041
4893.7,4.3405
4895.6,4.3246
4897.5,4.3245
4899.4,4.3245
4901.3,4.2941
4903.1,4.4079
4905,4.4154
4906.8,4.4837
4908.6,4.5548
4910.5,4.605
4912.4,4.5349
4914.2,4.4911
4916.1,4.4752
4918,4.4003
4919.9,4.3313
4921.8,4.324
4923.6,4.3544
4925.4,4.3637
4927.3,4.4074
4929.1,4.4074
4930.9,4.4113
4932.7,4.3993
4934.6,4.3238
4936.6,4.3238
4938.4,4.3674
4940.2,4.3768
4942.1,4.4071
4944,4.3991
4945.8,4.411
4947.7,4.3951
4949.5,4.4069
4951.4,4.4546
4953.2,4.3234
4955.1,4.3234
4956.9,4.3114
4958.8,4.2399
4960.6,4.3233
4962.5,4.4067
4964.3,4.4901
4966.2,4.7404
4968,4.7973
4969.9,4.8238
4971.9,5.0026
4973.7,5.0741
4975.6,4.9151
4977.6,4.8237
4979.4,4.768
4981.3,4.7878
4983.2,4.8994
4985.1,4.7122
4987.2,4.5731
4989.1,4.4697
4990.9,4.3985
4992.8,4.3264
4994.6,4.255
4996.4,4.3226
4998.3,4.3225
5000.2,4.3225
5002,4.3224
5004,4.239
5005.8,4.2349
5007.7,4.2429
5009.6,4.2388
5011.4,4.1857
5013.5,4.2046
5015.4,4.3222
5017.2,4.3487
5019.2,4.2387
5021,4.2386
5022.8,4.2386
5024.6,4.303
5026.5,4.2385
5028.3,4.2822
5030.2,4.2877
5032,4.2821
5033.8,4.2308
5035.6,4.1625
5037.5,4.1032
5039.3,4.0714
5041.2,4.1548
5043,4.1865
5044.9,4.1547
5046.7,4.2381
5048.6,4.2381
5050.4,4.4049
5052.3,4.3214
5054.1,4.2759
5056,4.3214
5057.8,4.382
5059.6,4.4882
5061.4,4.4882
5063.4,4.4126
5065.2,4.4881
5067.2,4.4046
5069.1,4.4046
5070.9,4.3568
5072.7,4.1314
5074.6,4.0587
5076.4,3.9872
5078.3,3.9151
5080.2,4.0308
5082.1,4.0427
5084,4.0705
5085.9,4.1539
5087.7,4.1083
5089.6,4.0584
5091.5,3.9907
5093.3,4.0589
5095.1,4.0702
5097,4.102
5098.8,4.0702
5100.6,4.094
5102.7,4.1535
5104.5,4.0701
5106.4,3.9866
5108.3,4.0586
5110.4,4.0699
5112.4,4.0699
5114.2,4.123
5116.1,4.0698
5118,4.1039
5119.8,4.1532
5121.7,4.1412
5123.6,4.0697
5125.4,4.0696
5127.3,4.1332
5129.1,4.153
5131.2,4.153
5133,4.0695
5134.9,3.986
5136.7,3.986
5138.6,4.0694
5140.5,4.0693
5142.3,4.0693
5144.1,4.0693
5146.1,4.0692
5147.9,4.0692
5149.8,4.1298
5151.7,4.1412
5153.6,4.1525
5155.4,4.1525
5157.4,4.1335
5159.2,4.1206
5161,4.1524
5162.9,4.2358
5164.8,4.2737
5166.6,4.3947
5168.5,4.0767
5170.3,4.4224
5172.1,4.4025
5174,4.2713
5175.9,4.2355
5177.7,4.281
5179.6,4.3308
5181.5,4.4061
5183.3,4.224
5185.1,4.1996
5187,4.2035
5188.9,4.2353
5190.7,4.1518
5192.7,4.0683
5194.5,4.1636
5196.3,4.3186
5198.2,4.3185
5200.1,4.4475
5201.9,4.4337
5203.7,4.4416
5205.5,4.4853
5207.4,4.4701
5209.2,4.3183
5211.2,4.3941
5213,4.341
5214.9,4.4017
5216.8,4.3579
5218.6,4.3181
5220.5,4.3181
5222.4,4.3181
5224.2,4.4849
5226,4.5008
5228,4.4849
5229.9,4.591
5231.7,4.608
5233.7,4.5682
5235.6,4.4012
5237.3,4.1509
5239.6,4.1356
5241.4,4.0673
5243.2,3.9838
5245,4.0151
5246.9,3.944
5248.7,4.0103
5250.5,3.9718
5252.3,3.9002
5254.2,3.9836
5256,4.067
5257.8,4.0291
5259.7,4.0193
5261.6,4.0669
5263.5,4.0828
5265.3,4.1543
5267.1,4.1423
5269,4.2147
5270.9,4.2058
5272.8,4.1978
5274.6,4.2336
5276.4,4.1103
5278.3,4.0547
5280.2,3.9831
5282.3,4.0665
5284.2,4.0665
5286.1,4.002
5288,4.0386
5289.8,4.0664
5291.6,4.1498
5293.5,4.1497
5295.3,4.1259
5297.2,3.9828
5299,4.0662
5300.8,4.0661
5302.7,4.1496
5304.6,4.1495
5306.5,4.2329
5308.3,4.2329
5310.2,3.9825
5312.1,4.3997
5314,4.2328
5315.8,4.2859
5317.6,4.1493
5319.4,3.9823
5321.4,4.043
5323.3,4.0771
5325.1,4.0619
5327,3.9822
5328.8,3.9821
5330.6,3.9384
5332.4,3.8986
5334.3,3.7924
5336.1,3.5727
5337.9,2.8932
5339.8,2.2297
5341.6,1.729
5343.4,1.145
5345.3,0.73975
5347.2,0.56095
5349,0.47749
5350.9,0.39403
5352.8,0.31057
5354.6,0.31054
5356.4,0.26283
5358.3,0.27074
5360.1,0.22701
5362,0.22697
5363.8,0.31036
5365.6,0.2269
5367.5,0.2507
5369.5,0.19107
5371.3,0.36329
5373.1,0.39359
5375,0.25055
5376.9,0.29493
5378.8,0.22664
5380.7,0.2266
5382.6,0.25834
5384.5,0.28611
5386.4,0.22649
5388.3,0.22645
5390.4,0.30983
5392.3,0.19856
5394.3,0.21441
5396.1,0.1315
5398,0.22626
5400,0.39305
5402,1.1796
5403.9,0.71908
5405.8,0.81005
5407.7,0.76451
5409.7,0.79011
5411.6,0.84785
5413.6,0.74236
5415.4,0.55959
5417.3,0.64297
5419.3,0.64293
5421.1,0.6429
5423,0.55944
5424.9,0.64282
5426.8,0.69587
5428.9,0.64274
5430.7,0.64271
5432.6,0.7976
5434.5,0.65455
5436.4,0.65776
5438.4,0.64255
5440.4,0.58293
5442.3,0.65764
5444.2,-0.19175
5446,-0.2752
5447.9,-0.27524
5449.8,-0.27527
5451.7,-0.27531
5453.7,-0.27535
5455.5,-0.29525
5457.5,-0.27543
5459.4,-0.27546
5461.3,-0.2755
5463.2,-0.24521
5465,-0.27558
5466.9,-0.27164
5468.8,-0.19621
5470.7,-0.27569
5472.6,-0.25189
5474.6,-0.27577
5476.5,-0.27581
5478.3,-0.19243
5480.3,-0.21901
5482.2,-0.27592
5484.2,-0.27596
5486.1,-0.276
5488,-0.19262
5489.9,-0.27607
5491.9,-0.27611
5493.8,-0.27615
5495.6,-0.23827
5497.5,-0.025977
5499.4,-0.026015
5501.3,-0.026052
5503.2,-0.02609
5505.1,-0.026128
5507,-0.026166
5508.9,-0.081814
5510.8,-0.026241
5512.7,-0.073946
5514.5,-0.026315
5516.4,-0.011186
5518.4,-0.026393
5520.4,-0.030405
5522.3,-0.10591
5524.2,-0.026508
5526.1,-0.026546
5528,-0.026584
5529.9,0.018878
5531.8,-0.054465
5533.7,-0.090252
5535.6,-0.026735
5537.6,-0.026775
5539.5,-0.026813
5541.3,-0.042737
5543.3,-0.026888
5545.2,-0.026926
5547.1,-0.026964
5549,-0.058779
5550.9,-0.0032063
5552.8,-0.057411
5554.7,-0.031087
5556.6,-0.1066
5558.5,-0.027191
5560.4,-0.027229
5562.3,0.022025
5564.3,0.016388
5566.2,-0.075011
5568.1,-0.053923
5570,0.10764
5571.9,-0.027458
5573.9,-0.027497
5576,-0.027539
5577.9,-0.038952
5579.8,-0.027615
5581.8,-0.083265
5583.6,0.012032
5585.6,0.010186
5587.5,-0.084643
5589.5,-0.0088496
5591.4,-0.03579
5593.3,-0.027884
5595.2,-0.027921
5597.1,-0.11138
5599.1,-0.051832
5601,-0.077328
5602.9,-0.028075
5604.8,-0.028112
5606.8,-0.028152
5608.7,-0.02819
5610.6,-0.028228
5612.5,-0.028266
5614.4,-0.04347
5616.3,0.031242
5618.2,-0.028379
5620.1,-0.028417
5621.9,-0.028453
5624.1,-0.028497
5625.9,-0.028532
5627.8,-0.02857
5629.7,-0.028608
5631.5,-0.11206
5633.6,-0.043852
5635.5,-0.028723
5637.5,-0.028763
5639.4,-0.072495
5641.3,0.0052861
5643.2,0.11412
5645.1,-0.028915
5647,-0.032925
5648.9,-0.025018
5650.8,-0.029028
5652.7,-0.029066
5654.5,-0.064851
5656.5,-0.029141
5658.5,-0.029181
5660.4,-0.029219
5662.3,-0.029257
5664.2,-0.0075339
5666.2,-0.029334
5668.1,-0.029372
5670,-0.092965
5672,-0.17245
5673.8,-0.1129
5675.7,0.008393
5677.6,-0.029561
5679.4,-0.029597
5681.3,-0.033607
5683.2,-0.10912
5685,-0.067625
5686.9,-0.085357
5688.8,-0.1132
5690.7,-0.14899
5692.6,-0.057665
5694.5,-0.010939
5696.4,-0.029936
5698.3,-0.11339
5700.1,-0.11343
5702,-0.056589
5704,-0.030087
5705.9,NaN
5707.7,NaN
5709.6,NaN
5711.6,NaN
5713.5,NaN
